
p<-30+1
